  82% 29836/com.lumi.lumilife: 76% user + 6.4% kernel / faults: 101808 minor 18 major
10488 2542 com.lumi.lumilife 49 24220 9130 67829
10488 2542 com.lumi.lumilife 14 1060 460 10295
10488 2542 com.lumi.lumilife 55 22530 8520 55505
10488 2542 com.lumi.lumilife 63 10230 3500 21536
10488 2542 com.lumi.lumilife 49 37340 14830 104633
10488 2542 com.lumi.lumilife 48 16510 5810 46141
10488 2542 com.lumi.lumilife 37 6450 2390 23600
10488 2542 com.lumi.lumilife 30 28330 9540 125788
10488 24760 com.lumi.lumilife 11 9410 4800 120142
10488 24760 com.lumi.lumilife 21 20150 7590 126759
10488 24760 com.lumi.lumilife 36 19020 7470 72837
10488 24760 com.lumi.lumilife 64 23610 8910 50190
10488 24760 com.lumi.lumilife 13 4580 1990 49799
10488 24760 com.lumi.lumilife 36 19020 6870 70057
10488 24760 com.lumi.lumilife 84 6280 2270 10101
10488 24760 com.lumi.lumilife 14 5670 2650 56415
10488 24760 com.lumi.lumilife 12 8680 3350 95917
10488 24760 com.lumi.lumilife 29 43210 18860 213760
10488 24760 com.lumi.lumilife 11 10580 4320 126978
10488 24760 com.lumi.lumilife 33 16400 5540 65506
10488 24760 com.lumi.lumilife 36 5030 1590 18074
10488 24760 com.lumi.lumilife 33 15480 5680 63315
10488 24760 com.lumi.lumilife 19 1580 650 11690
10488 24760 com.lumi.lumilife 39 13580 4910 47255
10488 24760 com.lumi.lumilife 23 28480 9870 159829
10488 24760 com.lumi.lumilife 38 20610 6210 69303
10488 24760 com.lumi.lumilife 49 61180 18490 159928
10488 24760 com.lumi.lumilife 19 6780 2440 48182
10488 24760 com.lumi.lumilife 16 2600 1190 22745
10488 24760 com.lumi.lumilife 40 5210 1930 17740
10488 9570 com.lumi.lumilife 59 104940 33480 234269
10488 9570 com.lumi.lumilife 74 8060 2330 13928
10488 9570 com.lumi.lumilife 81 153320 46820 246938
10488 9570 com.lumi.lumilife 80 31550 11120 53233
10488 9570 com.lumi.lumilife 78 10460 3400 17595
10488 9570 com.lumi.lumilife 84 127400 39900 198258
10488 9570 com.lumi.lumilife 79 51430 15780 84299
10488 9570 com.lumi.lumilife 38 74570 25440 260808
10488 9570 com.lumi.lumilife 80 23750 8020 39364
10488 9570 com.lumi.lumilife 77 7680 2780 13534
10488 9570 com.lumi.lumilife 78 45850 15790 78520
10488 9570 com.lumi.lumilife 79 13640 4630 23030
10488 9570 com.lumi.lumilife 73 67830 22670 122533
10488 9570 com.lumi.lumilife 80 37810 12510 62565
10488 9570 com.lumi.lumilife 72 106300 33680 194208
10488 9570 com.lumi.lumilife 23 19380 5920 105976
10488 9570 com.lumi.lumilife 17 1410 510 10884
10488 9570 com.lumi.lumilife 25 14720 6070 80643
10488 6868 com.lumi.lumilife 36 19680 6870 73580
10488 6868 com.lumi.lumilife 114 9830 5690 13565
10488 6868 com.lumi.lumilife 88 116580 85100 227999
10492 12857 com.lumi.lumilife 82 35660 15640 62023
10492 12857 com.lumi.lumilife 92 16810 8770 27710
10492 12857 com.lumi.lumilife 165 35150 19520 33095
10492 12857 com.lumi.lumilife 93 103770 54730 170251
10493 9992 com.lumi.lumilife 81 71080 49270 148132
10493 9992 com.lumi.lumilife 55 20980 21660 76703
10493 9992 com.lumi.lumilife 54 4800 4850 17554
10493 9992 com.lumi.lumilife 56 57490 59290 205927
10493 9992 com.lumi.lumilife 59 24240 24230 81409
10493 9992 com.lumi.lumilife 57 29380 29640 101795
10493 9992 com.lumi.lumilife 57 33130 33900 116970
10493 9992 com.lumi.lumilife 56 26720 26600 93967
10493 9992 com.lumi.lumilife 57 24980 25360 88130
10493 9992 com.lumi.lumilife 53 31900 31600 118096
10493 9992 com.lumi.lumilife 56 43080 43940 152917
10493 9992 com.lumi.lumilife 38 26580 29710 147260
10493 9992 com.lumi.lumilife 37 16660 18220 93616
10493 9992 com.lumi.lumilife 38 14350 16100 79100
10493 9992 com.lumi.lumilife 38 23610 25420 127480
10493 9992 com.lumi.lumilife 38 23330 25580 128693
10493 9992 com.lumi.lumilife 37 30150 34170 171491
10493 9992 com.lumi.lumilife 35 12380 14090 75590
10493 9992 com.lumi.lumilife 32 960 1080 6266
10493 9992 com.lumi.lumilife 41 2460 2330 11471
10493 9992 com.lumi.lumilife 36 27600 30120 156981
10493 9992 com.lumi.lumilife 37 8760 9800 49864
10493 9992 com.lumi.lumilife 36 51920 57610 300177
10493 9992 com.lumi.lumilife 35 13030 14500 77017
10493 9992 com.lumi.lumilife 34 2660 2840 16083
10493 9992 com.lumi.lumilife 35 35100 39310 207095
10493 9992 com.lumi.lumilife 35 35070 38710 207877
10493 9992 com.lumi.lumilife 36 16240 17620 92338
10493 9992 com.lumi.lumilife 37 16340 18280 92699
10493 9992 com.lumi.lumilife 32 10300 11400 65789
10493 9992 com.lumi.lumilife 37 25290 27560 141697
10493 9992 com.lumi.lumilife 38 5430 5790 29342
10493 9992 com.lumi.lumilife 36 46470 51690 270845
10493 9992 com.lumi.lumilife 35 12820 13600 74557
10493 9992 com.lumi.lumilife 35 3060 3310 17871
10493 9992 com.lumi.lumilife 36 7350 7960 41810
10493 9992 com.lumi.lumilife 36 27960 31910 165958
10493 9992 com.lumi.lumilife 37 44270 49560 249974
10493 9992 com.lumi.lumilife 38 4920 5540 26836
10493 9992 com.lumi.lumilife 33 3540 4290 23365
10493 9992 com.lumi.lumilife 37 16150 18110 92172
10493 9992 com.lumi.lumilife 37 31940 35490 178932
10493 9992 com.lumi.lumilife 35 4770 5490 29062
10493 9992 com.lumi.lumilife 37 10490 12080 60550
10493 9992 com.lumi.lumilife 33 35750 43350 239623
10493 9992 com.lumi.lumilife 17 7810 7920 91959
10493 9992 com.lumi.lumilife 26 11640 11130 84375
10493 9992 com.lumi.lumilife 27 16550 17110 123834
10493 9992 com.lumi.lumilife 27 32210 33360 238428
10493 9992 com.lumi.lumilife 38 11290 12680 61761
10493 9992 com.lumi.lumilife 36 12290 14580 73594
10493 9992 com.lumi.lumilife 36 3060 3510 18045
10493 9992 com.lumi.lumilife 37 37400 41020 208551
10493 9992 com.lumi.lumilife 37 7900 8720 43847
10493 9992 com.lumi.lumilife 65 89600 63410 234131
10493 9992 com.lumi.lumilife 117 16420 9570 22200
10493 9992 com.lumi.lumilife 24 16000 6130 91320
10493 9992 com.lumi.lumilife 20 14900 6510 105116
10495 8100 com.lumi.lumilife 117 57900 13960 61272
10495 8100 com.lumi.lumilife 218 97370 35330 60699
10495 8100 com.lumi.lumilife 155 122960 74180 126953
10495 13503 com.lumi.lumilife 270 14690 3650 6786
10495 13503 com.lumi.lumilife 163 75540 29060 63974
10496 16650 com.lumi.lumilife 197 36790 15640 26577
10496 16650 com.lumi.lumilife 151 119230 75230 128016
10496 20871 com.lumi.lumilife 194 87460 32840 61890
10496 20871 com.lumi.lumilife 150 22900 15040 25167
10496 20871 com.lumi.lumilife 150 247750 165900 274978
10496 20871 com.lumi.lumilife 148 211050 141710 238030
10496 20871 com.lumi.lumilife 143 52490 36820 62102
10496 20871 com.lumi.lumilife 146 260220 179860 300160
10496 20871 com.lumi.lumilife 164 52590 32800 51923
10496 20871 com.lumi.lumilife 147 80730 55940 92565
10496 20871 com.lumi.lumilife 142 43450 30240 51608
10496 20871 com.lumi.lumilife 146 35680 25220 41656
10496 20871 com.lumi.lumilife 147 54160 38120 62391
10496 27475 com.lumi.lumilife 196 24140 8970 16874
10496 24692 com.lumi.lumilife 167 65470 36580 60875
10496 24692 com.lumi.lumilife 154 58390 37260 61961
10496 24692 com.lumi.lumilife 154 56420 36700 60136
10496 24692 com.lumi.lumilife 149 32680 21120 35906
10496 24692 com.lumi.lumilife 153 23150 15250 25058
10496 24692 com.lumi.lumilife 151 110770 73810 122120
10496 24692 com.lumi.lumilife 142 72470 49580 85570
10496 24692 com.lumi.lumilife 150 32970 21890 36515
10496 24692 com.lumi.lumilife 149 27280 18750 30888
10496 24692 com.lumi.lumilife 123 268220 101270 300171
10496 24692 com.lumi.lumilife 220 173950 54560 103637
10496 818 com.lumi.lumilife 177 66350 23290 50546
10496 818 com.lumi.lumilife 226 107460 32920 61938
10496 818 com.lumi.lumilife 125 164170 71060 187703
10496 818 com.lumi.lumilife 189 55720 26570 43377
10496 818 com.lumi.lumilife 169 17390 10360 16379
10496 818 com.lumi.lumilife 155 163320 105640 172550
10496 818 com.lumi.lumilife 153 9750 6500 10565
10496 818 com.lumi.lumilife 153 52610 35340 57263
10496 818 com.lumi.lumilife 186 159560 79390 128366
10496 818 com.lumi.lumilife 168 188820 100330 171805
10496 818 com.lumi.lumilife 168 210610 118350 195041
10496 818 com.lumi.lumilife 208 48820 28380 36962
10496 818 com.lumi.lumilife 184 71820 53580 68147
10496 818 com.lumi.lumilife 179 22260 17570 22132
10496 818 com.lumi.lumilife 194 65230 45310 56813
10496 818 com.lumi.lumilife 215 290200 185650 221234
10496 818 com.lumi.lumilife 198 261280 199520 231761
10496 818 com.lumi.lumilife 197 76140 58960 68417
10496 818 com.lumi.lumilife 192 322510 254440 300163
10496 818 com.lumi.lumilife 194 45310 37220 42400
10496 818 com.lumi.lumilife 195 205510 164180 189014
10496 818 com.lumi.lumilife 193 73230 60060 68740
10496 818 com.lumi.lumilife 195 307250 248170 284208
10496 818 com.lumi.lumilife 196 17420 13990 15967
10496 818 com.lumi.lumilife 194 247810 202290 231176
10496 818 com.lumi.lumilife 193 73520 59810 68970
10496 818 com.lumi.lumilife 195 318320 258410 294971
10496 818 com.lumi.lumilife 198 5750 4580 5201
10496 818 com.lumi.lumilife 199 62070 49280 55741
10496 818 com.lumi.lumilife 45 45820 34320 175193
10499 13293 com.lumi.lumilife 29 18090 8450 90300
10499 13293 com.lumi.lumilife 85 66720 43210 127997
10499 13293 com.lumi.lumilife 130 51020 32660 63957
10499 13293 com.lumi.lumilife 134 14620 9540 17924
10499 13293 com.lumi.lumilife 132 85790 56970 107923
10499 13293 com.lumi.lumilife 133 97070 65440 121293
10499 13293 com.lumi.lumilife 139 59480 39560 70942
10499 13293 com.lumi.lumilife 133 48300 33110 60790
10499 13293 com.lumi.lumilife 136 38420 20260 43118
10499 13293 com.lumi.lumilife 134 38650 7740 34601
10499 13293 com.lumi.lumilife 149 7610 1150 5858
10499 21373 com.lumi.lumilife 143 10870 2610 9401
10499 21373 com.lumi.lumilife 146 74530 16170 62077
10499 21373 com.lumi.lumilife 143 171480 37520 145198
10499 21373 com.lumi.lumilife 64 80940 18510 154988
10499 21373 com.lumi.lumilife 20 3050 360 16549
10499 21373 com.lumi.lumilife 93 42310 13700 60125
10499 21373 com.lumi.lumilife 74 33200 14660 64078
10499 21373 com.lumi.lumilife 77 17720 7030 32020
10499 21373 com.lumi.lumilife 81 33060 11610 54767
10499 21373 com.lumi.lumilife 74 38430 15870 72602
10499 21373 com.lumi.lumilife 71 149370 66520 300200
10499 21373 com.lumi.lumilife 77 13200 6500 25365
10499 21373 com.lumi.lumilife 71 43990 19720 89597
10499 21373 com.lumi.lumilife 68 51150 25660 112336
10499 21373 com.lumi.lumilife 69 33780 16690 72863
10499 21373 com.lumi.lumilife 72 97050 43440 194391
10499 21373 com.lumi.lumilife 69 48970 24360 105811
10499 21373 com.lumi.lumilife 71 112000 51030 227099
10499 21373 com.lumi.lumilife 75 38010 16930 73058
10499 21373 com.lumi.lumilife 78 26840 10620 47893
10499 21373 com.lumi.lumilife 76 132910 60550 252266
10499 21373 com.lumi.lumilife 35 25780 9850 99663
10499 21373 com.lumi.lumilife 26 23840 9110 122838
10499 21373 com.lumi.lumilife 90 82490 33580 127584
10499 21373 com.lumi.lumilife 93 18620 6140 26620
10499 21373 com.lumi.lumilife 92 68900 25070 101823
10499 21373 com.lumi.lumilife 91 40010 14300 59172
10499 21373 com.lumi.lumilife 90 26260 10590 40644
10499 21373 com.lumi.lumilife 91 46680 18950 71933
10499 21373 com.lumi.lumilife 78 169000 27400 249305
10499 21373 com.lumi.lumilife 71 35180 1180 50825
10499 21373 com.lumi.lumilife 94 41700 1090 45216
10499 21373 com.lumi.lumilife 83 101240 4180 125822
10499 21373 com.lumi.lumilife 75 41160 1860 56896
10499 21373 com.lumi.lumilife 28 19220 1340 72257
10499 21373 com.lumi.lumilife 52 54490 2450 107845
10499 21373 com.lumi.lumilife 86 67380 1660 80029
10499 21373 com.lumi.lumilife 108 119230 2320 112275
10499 21373 com.lumi.lumilife 96 130400 3170 137871
10499 21373 com.lumi.lumilife 62 40720 1890 67885
10499 21373 com.lumi.lumilife 73 15880 360 21956
10499 21373 com.lumi.lumilife 15 9140 2230 72472
10499 21373 com.lumi.lumilife 33 91300 10170 300185
10499 21373 com.lumi.lumilife 111 27950 550 25668
10499 21373 com.lumi.lumilife 112 26940 740 24539
10499 21373 com.lumi.lumilife 45 45230 2660 106329
10499 21373 com.lumi.lumilife 102 70820 1740 70903
10499 21373 com.lumi.lumilife 109 31180 870 29223
10500 3869 com.lumi.lumilife 83 43690 7900 61611
10501 11270 com.lumi.lumilife 135 28930 5840 25576
10501 11270 com.lumi.lumilife 221 61440 16550 35158
10501 11270 com.lumi.lumilife 199 85730 34030 60051
10501 11270 com.lumi.lumilife 191 80880 38970 62556
10501 11270 com.lumi.lumilife 166 195610 102800 178849
10501 11270 com.lumi.lumilife 120 61160 28610 74481
10501 23519 com.lumi.lumilife 156 134430 66680 128505
10501 23519 com.lumi.lumilife 121 47770 30130 63995
10501 23519 com.lumi.lumilife 135 52970 33860 64002
10501 23519 com.lumi.lumilife 138 25000 15950 29523
10501 23519 com.lumi.lumilife 141 12020 7940 14146
10501 23519 com.lumi.lumilife 180 172450 80600 140223
10501 23519 com.lumi.lumilife 214 28410 11990 18819
10501 23519 com.lumi.lumilife 283 13150 4190 6118
10501 26967 com.lumi.lumilife 213 97960 35830 62621
10501 26967 com.lumi.lumilife 205 92000 31850 60304
10501 26967 com.lumi.lumilife 184 22740 8310 16819
10501 26967 com.lumi.lumilife 171 17450 7170 14315
10501 26967 com.lumi.lumilife 181 40810 20820 33868
10501 26967 com.lumi.lumilife 183 319320 169750 266299
10501 26967 com.lumi.lumilife 202 19530 12650 15860
10501 26967 com.lumi.lumilife 203 159050 104550 129676
10501 26967 com.lumi.lumilife 200 23760 14980 19285
10501 26967 com.lumi.lumilife 208 154880 96710 120649
10501 26967 com.lumi.lumilife 181 16030 10580 14674
10501 26967 com.lumi.lumilife 208 140290 88260 109691
10501 26967 com.lumi.lumilife 221 87370 50660 62179
10501 26967 com.lumi.lumilife 157 59340 36070 60670
10501 26967 com.lumi.lumilife 77 43070 9680 67658
10501 26967 com.lumi.lumilife 67 112750 49300 240331
10501 26967 com.lumi.lumilife 150 42370 25420 44952
10501 26967 com.lumi.lumilife 197 21440 7930 14872
10501 26967 com.lumi.lumilife 178 368800 166780 300179
10503 15040 com.lumi.lumilife 131 148120 80540 173913
10503 15040 com.lumi.lumilife 128 11310 8080 15116
10503 15040 com.lumi.lumilife 153 16450 9880 17159
10503 15040 com.lumi.lumilife 175 205680 140220 197066
10503 15040 com.lumi.lumilife 184 16810 12140 15702
10503 15040 com.lumi.lumilife 186 15640 11350 14485
10504 22730 com.lumi.lumilife 187 22990 4820 14862
10504 22730 com.lumi.lumilife 146 45420 11790 39103
10504 22730 com.lumi.lumilife 184 9440 1860 6138
10504 22730 com.lumi.lumilife 205 78660 29890 52706
10504 22730 com.lumi.lumilife 196 234600 103920 171948
10504 22730 com.lumi.lumilife 159 16420 8190 15426
10504 22730 com.lumi.lumilife 175 149320 83110 132620
10504 22730 com.lumi.lumilife 90 88340 63750 167567
10504 22730 com.lumi.lumilife 67 100650 91770 284390
10504 22730 com.lumi.lumilife 51 6040 2140 15805
10504 22730 com.lumi.lumilife 44 26790 14620 92387
10504 22730 com.lumi.lumilife 42 49160 39820 207807
10504 22730 com.lumi.lumilife 40 62900 52470 284089
10504 22730 com.lumi.lumilife 47 4410 3290 16089
10504 22730 com.lumi.lumilife 61 115000 68240 300167
10504 22730 com.lumi.lumilife 75 5690 4740 13743
10504 22730 com.lumi.lumilife 145 51790 32460 57953
10504 22730 com.lumi.lumilife 150 115040 76090 126910
10504 22730 com.lumi.lumilife 149 75960 51470 85330
10504 22730 com.lumi.lumilife 150 14380 9970 16213
10504 22730 com.lumi.lumilife 157 26050 17440 27562
10504 22730 com.lumi.lumilife 158 59220 39140 62067
10504 22730 com.lumi.lumilife 149 54540 36450 60799
10504 22730 com.lumi.lumilife 154 57000 38900 62079
10504 22730 com.lumi.lumilife 160 58860 38950 61078
10504 22730 com.lumi.lumilife 159 25650 16820 26578
10504 22730 com.lumi.lumilife 159 33660 22370 35237
10504 22730 com.lumi.lumilife 159 58840 37460 60315
10504 22730 com.lumi.lumilife 170 67530 41850 64002
10504 22730 com.lumi.lumilife 221 92580 49510 64011
10504 22730 com.lumi.lumilife 239 94390 50900 60651
10504 22730 com.lumi.lumilife 245 25970 13270 15966
10504 22730 com.lumi.lumilife 184 62410 30580 50511
10504 22730 com.lumi.lumilife 90 46750 12090 64866
10504 22730 com.lumi.lumilife 79 31110 19700 63956
10504 22730 com.lumi.lumilife 114 49880 22420 62887
10504 22730 com.lumi.lumilife 94 29950 24860 57943
10504 22730 com.lumi.lumilife 130 115970 53270 130037
10504 22730 com.lumi.lumilife 92 78930 62370 153430
10504 22730 com.lumi.lumilife 94 9070 6770 16677
10504 22730 com.lumi.lumilife 143 292600 138440 300176
10504 22730 com.lumi.lumilife 136 10270 7140 12789
10504 22730 com.lumi.lumilife 127 81730 58330 110282
10505 29189 com.lumi.lumilife 104 24400 9860 32931
10505 29189 com.lumi.lumilife 178 21150 10710 17813
10505 29189 com.lumi.lumilife 65 6990 5730 19449
10505 29189 com.lumi.lumilife 56 82290 75670 280745
10505 29189 com.lumi.lumilife 57 13940 13130 47261
10505 29189 com.lumi.lumilife 88 94270 61900 176040
10505 29189 com.lumi.lumilife 115 40220 27390 58659
10505 29189 com.lumi.lumilife 54 4820 5070 18235
10505 29189 com.lumi.lumilife 53 14980 14690 55072
10505 29189 com.lumi.lumilife 56 13950 13950 49252
10505 29189 com.lumi.lumilife 54 19220 19560 70714
10505 29189 com.lumi.lumilife 56 18360 17570 64000
10505 29189 com.lumi.lumilife 54 16800 16790 61154
10505 29189 com.lumi.lumilife 55 78380 78950 281733
10505 29189 com.lumi.lumilife 55 5080 5140 18464
10505 29189 com.lumi.lumilife 57 85440 86330 300208
10505 29189 com.lumi.lumilife 57 3070 2990 10607
10505 29189 com.lumi.lumilife 58 20560 20920 71423
10505 29189 com.lumi.lumilife 57 15600 15500 54385
10505 29189 com.lumi.lumilife 57 16380 16270 56512
10505 29189 com.lumi.lumilife 54 24420 24200 88484
10505 29189 com.lumi.lumilife 53 5020 4970 18775
10505 29189 com.lumi.lumilife 43 50280 46880 224908
10505 16770 com.lumi.lumilife 167 22530 12520 20923
10505 16770 com.lumi.lumilife 183 137410 94200 126172
10506 28288 com.lumi.lumilife 246 16890 5360 9033
10506 28288 com.lumi.lumilife 59 125480 34340 270002
10506 28288 com.lumi.lumilife 47 72730 20580 197808
10506 28288 com.lumi.lumilife 81 48710 34670 102348
10506 28288 com.lumi.lumilife 75 2860 2320 6896
10506 28288 com.lumi.lumilife 81 10080 7430 21355
10506 28288 com.lumi.lumilife 79 44550 33500 98723
10506 28288 com.lumi.lumilife 74 12340 9090 28690
10506 28288 com.lumi.lumilife 73 20150 14360 47167
10506 28288 com.lumi.lumilife 80 36230 24630 75903
10506 28288 com.lumi.lumilife 37 6550 1610 21474
10506 12779 com.lumi.lumilife 209 30480 10400 19520
10506 12779 com.lumi.lumilife 169 13690 3430 10090
10506 12779 com.lumi.lumilife 12 24530 10710 290046
10506 12779 com.lumi.lumilife 21 38540 12050 236785
10506 12779 com.lumi.lumilife 179 53040 16520 38833
10506 12779 com.lumi.lumilife 144 41740 24950 46155
10506 12779 com.lumi.lumilife 120 47260 25860 60916
10506 12779 com.lumi.lumilife 143 134190 83340 151417
10506 12779 com.lumi.lumilife 137 240780 147620 282251
10506 12779 com.lumi.lumilife 175 27400 8810 20592
10506 12779 com.lumi.lumilife 112 27710 12400 35709
10506 12779 com.lumi.lumilife 85 136080 74540 246497
10506 12779 com.lumi.lumilife 62 8930 2210 17948
10506 12779 com.lumi.lumilife 105 83850 28040 106559
10506 12779 com.lumi.lumilife 103 89480 37100 122045
10506 12779 com.lumi.lumilife 136 50800 18630 50779
10506 12779 com.lumi.lumilife 62 3480 2890 10162
10506 12779 com.lumi.lumilife 68 4180 3050 10601
10506 12779 com.lumi.lumilife 68 112640 93340 300166
10506 12779 com.lumi.lumilife 81 135530 90980 279156
10506 12779 com.lumi.lumilife 69 8270 6450 21036
10506 12779 com.lumi.lumilife 69 113040 92510 296492
10506 12779 com.lumi.lumilife 71 113390 89350 282541
10506 12779 com.lumi.lumilife 69 8130 6600 21147
10506 12779 com.lumi.lumilife 57 104840 67300 300192
10506 12779 com.lumi.lumilife 11 20040 13000 278447
10506 12779 com.lumi.lumilife 42 77870 40200 276139
10506 12779 com.lumi.lumilife 42 77870 40200 276139
10507 17392 com.lumi.lumilife 36 24980 14610 108166
10507 20323 com.lumi.lumilife 15 2620 890 22692
10507 20323 com.lumi.lumilife 21 12680 7310 92533
10507 20323 com.lumi.lumilife 14 2640 1010 25474
10507 7931 com.lumi.lumilife 13 24380 10220 262084
10507 7931 com.lumi.lumilife 22 6300 2450 38086
10507 17822 com.lumi.lumilife 39 38600 19900 149947
10507 7257 com.lumi.lumilife 41 31490 25960 137550
10507 7257 com.lumi.lumilife 36 8190 6450 40136
10507 7257 com.lumi.lumilife 17 12830 9630 129286
10507 7257 com.lumi.lumilife 49 34470 26490 122055
10507 7257 com.lumi.lumilife 47 13170 10220 48851
10507 11339 com.lumi.lumilife 59 44360 36150 136007
10507 11339 com.lumi.lumilife 54 14090 13100 49648
10507 11339 com.lumi.lumilife 49 10500 9700 40460
10507 11339 com.lumi.lumilife 58 96320 79160 300176
10507 11339 com.lumi.lumilife 11 20650 10350 259186
10507 11339 com.lumi.lumilife 31 33210 17570 163236
10507 11339 com.lumi.lumilife 28 21720 17840 136915
10507 11339 com.lumi.lumilife 52 61020 49020 209260
10507 11339 com.lumi.lumilife 69 7350 5690 18890
10507 11339 com.lumi.lumilife 54 8540 8370 30832
10507 11339 com.lumi.lumilife 56 11820 11540 41173
10507 11339 com.lumi.lumilife 58 91600 83290 300153
10507 11339 com.lumi.lumilife 41 60970 47400 258763
10507 11339 com.lumi.lumilife 55 19850 17390 66629
10507 11339 com.lumi.lumilife 59 39470 33720 122588
10507 11339 com.lumi.lumilife 56 21320 17890 69279
10507 11339 com.lumi.lumilife 61 13980 11550 41674
10507 11339 com.lumi.lumilife 61 100220 84400 300174
10507 11339 com.lumi.lumilife 100 92820 47350 139066
10507 11339 com.lumi.lumilife 99 45270 23700 69142
10507 11339 com.lumi.lumilife 15 4880 3060 50017
10507 29876 com.lumi.lumilife 58 80350 71510 257973
10507 29876 com.lumi.lumilife 56 12400 11470 42205
10507 29876 com.lumi.lumilife 53 82700 77230 300174
10507 29876 com.lumi.lumilife 55 72620 69960 257651
10507 29876 com.lumi.lumilife 53 11570 11200 42515
10507 29876 com.lumi.lumilife 54 83420 80320 300167
10507 29876 com.lumi.lumilife 54 57230 55560 207159
10507 29876 com.lumi.lumilife 53 13870 12990 50274
10507 29876 com.lumi.lumilife 51 11110 10880 42726
10507 29876 com.lumi.lumilife 37 57330 54570 300143
10507 29876 com.lumi.lumilife 55 4090 3470 13568
10507 29876 com.lumi.lumilife 55 34930 32710 121092
10507 29876 com.lumi.lumilife 56 34850 33760 122315
10507 29876 com.lumi.lumilife 57 12770 11890 43215
10507 29876 com.lumi.lumilife 58 5210 4870 17240
10507 29876 com.lumi.lumilife 54 51600 48080 184054
10507 29876 com.lumi.lumilife 54 27540 26330 98871
10507 29876 com.lumi.lumilife 53 55030 54340 206204
10507 29876 com.lumi.lumilife 50 13020 12280 50493
10507 29876 com.lumi.lumilife 48 10570 10460 43425
10507 29876 com.lumi.lumilife 52 75330 68610 274720
10507 29876 com.lumi.lumilife 11 2060 940 25976
10507 23135 com.lumi.lumilife 36 6940 2560 26322
10507 1035 com.lumi.lumilife 60 12180 3930 26575
10507 8675 com.lumi.lumilife 16 12920 5370 109258
10507 9677 com.lumi.lumilife 13 4650 1680 45328
10507 17225 com.lumi.lumilife 29 1560 780 7983
10507 14839 com.lumi.lumilife 14 3420 950 30009
10507 14839 com.lumi.lumilife 33 62990 32350 287206
10507 14839 com.lumi.lumilife 46 3900 2110 12973
10507 14839 com.lumi.lumilife 52 60390 28940 170036
10507 14839 com.lumi.lumilife 58 10580 5430 27389
10507 14839 com.lumi.lumilife 53 4660 2180 12716
10507 14839 com.lumi.lumilife 58 24050 10690 59739
10507 14839 com.lumi.lumilife 49 9960 4970 30290
10507 14839 com.lumi.lumilife 29 58610 29710 300205
10507 29836 com.lumi.lumilife 25 18350 10240 114066
10507 29836 com.lumi.lumilife 75 101810 38710 186114
10507 29836 com.lumi.lumilife 82 45890 3880 60272
